3.419091400000000003e-01
1.382919699999999863e-01
-6.494592799999999722e-01
-6.553741299999999992e-01
-6.897895800000000133e-01
-1.124541440000000003e+00
-1.861272009999999977e+00
-1.378829920000000042e+00
-3.010218599999999745e-01
4.248167500000000207e-01
1.223688080000000067e+00
1.423635720000000049e+00
9.623282399999999459e-01
-4.803063699999999825e-01
3.565287999999999791e-02
1.591504709999999934e+00
1.531136360000000085e+00
8.142461100000000229e-01
8.797349999999999615e-02
-2.411237300000000083e-01
1.742700899999999886e-01
7.263372999999999358e-02
-4.179749999999999854e-01
1.189942699999999992e-01
1.567543899999999935e-01
-2.833449299999999949e-01
-1.364953600000000100e-01
-1.631111699999999998e-01
-4.026179999999999759e-01
3.125567799999999785e-01
7.199546700000000188e-01
-7.656673999999999980e-01
-9.982671199999999523e-01
-1.171390649999999978e+00
-1.969879479999999905e+00
-7.262799399999999572e-01
3.328768699999999914e-01
1.145134139999999912e+00
1.897985070000000052e+00
1.839519179999999920e+00
2.065938309999999944e+00
7.175669300000000472e-01
-5.199954700000000152e-01
-7.865909599999999502e-01
-6.066899599999999726e-01
-4.095591100000000040e-01
-1.265867099999999912e-01
-5.892355400000000021e-01
-1.171554130000000082e+00
-1.563694289999999931e+00
-2.003706080000000167e+00
-1.684394160000000085e+00
-4.832983900000000221e-01
8.158653200000000050e-01
1.226114530000000036e+00
1.017682570000000064e+00
4.598073799999999878e-01
-4.990539500000000239e-01
-1.516018299999999930e-01
6.712398200000000426e-01
1.838425000000000128e-02
-5.163842699999999786e-01
1.948530599999999946e-01
4.630988799999999905e-01
-4.219772700000000154e-01
-6.398212500000000080e-01
4.895623299999999900e-01
1.235428720000000036e+00
2.035992359999999834e+00
1.653945830000000061e+00
8.676318200000000536e-01
5.446420800000000284e-01
3.427288800000000135e-01
-2.295848299999999897e-01
-1.558362100000000028e-01
-7.241179500000000102e-01
-1.605679340000000010e+00
-1.548455670000000062e+00
-1.580416859999999923e+00
-1.270895160000000024e+00
-2.097216100000000027e-01
7.209027199999999969e-01
1.021857350000000109e+00
6.115321000000000229e-01
5.647613099999999609e-01
5.874818699999999616e-01
1.486638230000000060e+00
2.065350529999999907e+00
2.002432730000000216e+00
2.017687669999999933e+00
1.172955559999999897e+00
8.284601900000000407e-01
9.727798899999999804e-01
8.065137999999999474e-01
6.183741099999999768e-01
5.237212300000000376e-01
-2.630954099999999740e-01
-7.070881799999999551e-01
9.382881999999999334e-02
4.264025699999999808e-01
-1.376941499999999874e-01
-1.332458090000000039e+00
-1.689155119999999899e+00
-1.747181899999999954e+00
-1.103755749999999924e+00
1.391582299999999939e-01
3.445732899999999765e-01
2.744818199999999875e-01
5.170286600000000288e-01
4.027766199999999741e-01
5.671581300000000381e-01
5.545877299999999455e-01
1.736500599999999950e-01
6.554796400000000300e-01
9.789958399999999505e-01
5.327190999999999871e-02
-2.848148300000000188e-01
2.224048600000000098e-01
-5.323341799999999902e-01
-1.181824820000000109e+00
-5.202502399999999749e-01
-2.114530599999999982e-01
1.171644860000000010e+00
2.025724589999999825e+00
1.280137309999999973e+00
-2.643711599999999939e-01
3.929047000000000095e-02
-9.578586999999999518e-02
-3.503774199999999950e-01
6.089416300000000115e-01
1.782202630000000010e+00
1.132321879999999892e+00
3.866826999999999903e-01
5.650010600000000549e-01
9.672698699999999761e-01
8.658911900000000328e-01
9.554451200000000366e-01
1.605443799999999976e+00
6.121144699999999661e-01
-3.759915899999999866e-01
-1.276913839999999967e+00
-1.619994099999999992e+00
-2.901137799999999878e-01
7.072050600000000520e-01
9.521012199999999703e-01
9.424610100000000434e-01
1.383510419999999908e+00
4.451783200000000162e-01
2.572713899999999887e-01
1.479853080000000043e+00
1.773267820000000050e+00
1.576187079999999963e+00
1.080769220000000086e+00
2.784236900000000015e-01
-1.871385399999999921e-01
-5.010889000000000315e-02
-2.007734499999999922e-01
-5.780440799999999602e-01
6.784977599999999498e-01
1.007932499999999898e+00
5.960410400000000219e-01
3.230257599999999951e-01
-2.210467899999999930e-01
-9.810517000000000543e-02
1.150976339999999931e+00
1.611571499999999935e+00
7.807511499999999494e-01
1.139854490000000053e+00
9.473710699999999818e-01
6.743601999999999930e-02
-4.485342199999999835e-01
-1.333621230000000102e+00
-8.638082799999999839e-01
8.043585699999999949e-01
1.735811300000000001e-01
-5.842963100000000409e-01
-1.066272300000000034e-01
-4.971189200000000197e-01
-5.595917900000000333e-01
-1.329673299999999947e-01
1.260865100000000127e-01
6.243834000000000189e-02
-3.414025700000000163e-01
-1.342420099999999950e-01
4.780379999999999872e-03
-2.762189400000000239e-01
-6.165736699999999626e-01
-1.021187920000000027e+00
-1.327188449999999964e+00
-4.610802500000000248e-01
5.925626600000000188e-01
1.542876429999999965e+00
1.365126000000000062e+00
1.127764669999999914e+00
6.428213099999999791e-01
1.337207599999999941e-01
8.156298199999999499e-01
1.228533179999999891e+00
6.583375599999999883e-01
7.730684500000000181e-01
1.794028300000000131e-01
5.938728100000000287e-01
7.655111100000000501e-01
9.634164100000000008e-01
9.539867499999999945e-01
3.264938900000000088e-01
-2.238599599999999967e-01
-3.990878900000000007e-01
-1.247021949999999935e+00
-1.483125749999999909e+00
-1.082606659999999943e+00
-8.830592099999999833e-01
-7.309995099999999635e-01
-8.443636100000000422e-01
-8.965423799999999721e-01
6.114818600000000437e-01
1.350309420000000094e+00
-6.631126099999999912e-01
-1.836828979999999945e+00
-1.992000830000000056e+00
-1.394306210000000101e+00
-5.768632599999999888e-01
-2.578337099999999937e-01
-5.282432099999999631e-01
-1.143285810000000069e+00
-1.047333030000000109e+00
-1.712169859999999932e+00
-1.871252190000000093e+00
-1.346797770000000005e+00
-1.133292490000000097e+00
-6.510399599999999731e-01
3.730196700000000254e-01
7.547297699999999665e-01
-5.001289999999999902e-02
-5.518690499999999721e-01
-6.191205899999999707e-01
-1.743360899999999991e-01
5.714575699999999703e-01
9.700575599999999854e-01
9.327649300000000476e-01
1.253966480000000105e+00
2.261797300000000011e+00
1.692156219999999989e+00
3.087256800000000023e-01
-5.683280899999999525e-01
-1.062179940000000045e+00
-6.090708599999999917e-01
5.857857100000000150e-01
3.150666699999999931e-01
3.937816599999999778e-01
-3.673557000000000211e-02
-1.271005329999999933e+00
-6.827684000000000530e-01
-4.539116999999999735e-01
7.582962000000000036e-02
9.903544300000000078e-01
9.257946500000000523e-01
-1.470085999999999962e-02
-3.603491799999999912e-01
-5.993382999999999905e-01
-3.016776800000000036e-01
5.967123800000000422e-01
1.806902599999999914e+00
2.609450390000000120e+00
1.167800750000000054e+00
7.609464999999999979e-02
-4.166802299999999848e-01
-2.406980400000000020e-01
-4.603800000000000253e-02
3.063507899999999839e-01
7.918695000000000039e-01
1.018826959999999948e+00
2.253821560000000002e+00
2.645270179999999804e+00
2.406116630000000089e+00
1.987715530000000008e+00
1.073070849999999909e+00
2.227740800000000132e-01
1.412556699999999998e-01
3.261122499999999924e-01
1.182402100000000011e+00
1.086938900000000041e+00
6.538027699999999776e-01
5.369619100000000422e-01
7.650859700000000041e-01
6.934150999999999510e-01
1.123285260000000063e+00
8.425402499999999906e-01
5.307834900000000244e-01
1.156272210000000022e+00
1.002270489999999903e+00
6.640015700000000409e-01
7.466485999999999956e-02
-8.348738599999999677e-01
-1.103667479999999923e+00
-3.431408599999999920e-01
-4.828013700000000075e-01
-7.545355099999999648e-01
-1.094017479999999987e+00
-6.431358000000000352e-01
9.086927000000000199e-02
8.199222800000000033e-01
1.151495799999999958e+00
6.807215500000000086e-01
2.808582000000000023e-01
4.267434700000000136e-01
5.737845599999999990e-01
4.763998899999999925e-01
-1.078144099999999994e-01
-4.757389000000000201e-01
1.370762700000000001e-01
8.045620399999999783e-01
3.798815500000000123e-01
7.183045399999999914e-01
1.623105699999999985e+00
1.931525930000000058e+00
1.887585829999999909e+00
1.011493350000000069e+00
-2.271339199999999892e-01
-6.479181600000000207e-01
6.647334099999999690e-01
1.472711950000000103e+00
1.426085049999999965e+00
1.404758670000000098e+00
5.765067499999999567e-01
-8.735260200000000141e-01
-1.014399859999999931e+00
-1.211624459999999903e+00
-7.926233299999999593e-01
6.320168099999999844e-01
1.024114739999999912e+00
1.147704580000000085e+00
1.696609959999999973e+00
1.076748749999999921e+00
-6.434086599999999656e-01
-8.309343900000000227e-01
2.947694000000000009e-02
-4.818130999999999803e-02
-5.959112699999999929e-01
-6.436008100000000232e-01
-2.933221300000000142e-01
-1.265152609999999900e+00
-1.641558070000000091e+00
-7.686961700000000119e-01
-2.944278799999999752e-01
2.687944000000000097e-02
6.577766000000000446e-01
7.591644400000000514e-01
3.447310599999999781e-01
-1.536254300000000073e-01
-5.091595000000000149e-02
1.011571449999999928e+00
9.861111900000000263e-01
5.375998899999999692e-01
9.574710000000000165e-03
-8.351558000000000037e-01
-8.055107500000000531e-01
2.125428699999999949e-01
5.781481699999999613e-01
1.153170470000000059e+00
5.809554900000000188e-01
2.003039400000000136e-01
7.154726000000000141e-01
7.626407299999999889e-01
4.000041300000000133e-01
9.154466900000000074e-01
1.595326129999999898e+00
1.007943789999999895e+00
1.744708410000000098e+00
1.839202039999999982e+00
1.177231429999999968e+00
4.156263000000000318e-02
-8.877070700000000425e-01
-3.876990300000000000e-01
-5.790427000000000074e-02
-2.557375800000000199e-01
-1.205548660000000050e+00
-4.737259699999999962e-01
1.680287999999999921e-02
-4.981043299999999840e-01
-2.275059399999999898e-01
3.419833500000000193e-01
1.580089869999999896e+00
8.827550100000000066e-01
-1.545144099999999909e-01
-1.320695000000000063e-01
-5.750702699999999945e-01
-4.841530399999999790e-01
4.820150000000000129e-02
8.827970000000000539e-01
5.303247399999999612e-01
-5.375640999999999892e-01
-2.422575499999999882e-01
8.102512400000000392e-01
7.819450000000000012e-01
-1.503096999999999940e-02
-8.330230899999999661e-01
-2.797328299999999879e-01
1.026264199999999960e-01
-3.032366400000000017e-01
-7.619540599999999886e-01
-1.516259699999999988e+00
-1.264124220000000021e+00
-7.036753500000000328e-01
-6.859853099999999593e-01
-1.856790010000000102e+00
-6.752025799999999967e-01
5.103923999999999683e-01
7.440594999999999848e-02
8.447365300000000410e-01
1.409297100000000080e+00
9.155147799999999725e-01
-2.776820000000000156e-03
-4.898347299999999960e-01
-1.370043560000000049e+00
-1.876024039999999893e+00
-1.019835810000000009e+00
4.699843000000000215e-01
3.912676900000000013e-01
2.182514799999999977e-01
3.260474300000000270e-01
-5.065187199999999779e-01
-9.009773399999999599e-01
-6.631332399999999572e-01
-1.328570500000000043e-01
1.022014289999999992e+00
1.644005600000000067e+00
1.060126109999999899e+00
4.214197700000000268e-01
-6.552334999999999410e-02
-6.307153100000000290e-01
-7.618901200000000040e-01
-1.987033800000000128e-01
3.284062200000000264e-01
2.201680400000000093e-01
4.094592699999999863e-01
-1.005926099999999990e-01
-7.292197999999999736e-01
-7.878813799999999645e-01
-1.039818310000000023e+00
-6.702587199999999745e-01
-4.940510799999999758e-01
-1.195167000000000090e+00
-7.428750600000000315e-01
-5.229710499999999929e-01
6.066653999999999797e-02
-4.826692799999999783e-01
-9.357435600000000298e-01
-1.060621250000000071e+00
-1.633311039999999936e+00
-1.632038399999999889e+00
-6.694524899999999556e-01
7.452335000000000209e-02
3.105286999999999908e-01
1.766486600000000129e-01
2.313812600000000053e-01
6.149421099999999862e-01
6.440572599999999648e-01
4.976042299999999807e-01
4.927754000000000162e-02
-1.942451600000000000e-01
-1.272733400000000126e-01
1.340393099999999948e-01
-4.419915700000000003e-01
-1.316213880000000058e+00
-1.429515220000000086e+00
-1.368824950000000040e+00
-1.323413029999999990e+00
-8.909472099999999894e-01
-5.620680700000000307e-01
-3.186421999999999866e-01
-7.705275200000000213e-01
-1.647374000000000061e-02
1.169892589999999899e+00
8.805816699999999830e-01
5.993523299999999887e-01
4.497591899999999754e-01
5.345761300000000382e-01
1.258490380000000020e+00
1.036736319999999933e+00
3.841018800000000066e-01
4.438527999999999918e-02
4.935939599999999983e-01
1.242973230000000040e+00
1.794077500000000047e-01
-9.430729500000000209e-01
-5.277717299999999945e-01
-5.927802300000000191e-01
-7.467870100000000289e-01
-5.577950000000000269e-02
5.623604700000000012e-01
1.058442670000000030e+00
8.177110899999999738e-01
-3.436228000000000199e-02
-2.269913299999999912e-01
-2.287137900000000001e-01
-2.946166399999999852e-01
-3.563779999999999726e-01
3.906307700000000160e-01
2.088520100000000046e-01
